lat,lon,time,stop,next_stop,elapsed,time_Seconds,round_trip
18.4039813,-66.0463734,8:42:35,5,6,,31355,
18.4041047,-66.0484892,8:43:13,6,13,38.0,31393,
18.4042011,-66.0499032,8:43:56,13,24,43.0,31436,
18.4051224,-66.050338,8:44:52,24,23,56.0,31492,
18.4061803,-66.0502588,8:45:22,23,20,30.0,31522,
18.4071939,-66.0495427,8:45:59,20,19,37.0,31559,
18.4067207,-66.0490004,8:46:16,20,19,17.0,31576,
18.406061,-66.0481042,8:46:47,9,10,31.0,31607,
18.406627,-66.046957,8:47:16,10,11,29.0,31636,
18.4060234,-66.0449512,8:48:3,11,2.1,47.0,31683,
18.4061764,-66.0431609,8:48:48,2.1,1,45.0,31728,
18.4073641,-66.0431936,8:50:24,2.1,1,96.0,31824,
18.4063222,-66.0430162,8:55:20,2.1,1,296.0,32120,
18.4049889,-66.0450658,8:58:26,3,4,186.0,32306,
18.4037657,-66.0455475,9:0:26,4,5,120.0,32426,
18.4041105,-66.0465002,9:0:54,5,6,28.0,32454,1099.0
18.4042036,-66.0481047,9:1:31,6,13,37.0,32491,1098.0
18.4036496,-66.0499647,9:2:19,13,24,48.0,32539,1103.0
18.4047482,-66.0503636,9:3:9,24,23,50.0,32589,1097.0
18.4065476,-66.0497879,9:3:40,23,20,31.0,32620,1098.0
18.4071206,-66.0494932,9:4:1,20,19,21.0,32641,1065.0
18.4066019,-66.0489905,9:4:15,19,9,14.0,32655,
18.4059816,-66.0480143,9:5:2,9,10,47.0,32702,1095.0
18.4069452,-66.0471494,9:5:38,10,11,36.0,32738,1102.0
18.4059095,-66.0449555,9:6:17,11,2.1,39.0,32777,1094.0
18.4059669,-66.0432204,9:6:59,2.1,1,42.0,32819,699.0
18.4070744,-66.0426403,9:8:3,1,2.2,64.0,32883,
18.4060442,-66.0432045,9:13:44,2.1,1,341.0,33224,
18.4050301,-66.0450428,9:16:28,3,4,164.0,33388,1082.0
18.4037123,-66.0455581,9:17:39,4,5,71.0,33459,1033.0
18.4034081,-66.0461997,9:18:9,5,6,30.0,33489,1035.0
18.4040227,-66.0485957,9:18:39,6,13,30.0,33519,1028.0
18.4036525,-66.0499861,9:19:36,13,24,57.0,33576,1037.0
18.4050474,-66.0503564,9:20:15,24,23,39.0,33615,1026.0
18.4064987,-66.050015,9:20:40,23,20,25.0,33640,1020.0
18.4070974,-66.0494104,9:21:1,20,19,21.0,33661,1020.0
18.4064746,-66.0485635,9:21:29,19,9,28.0,33689,1034.0
18.4061462,-66.0479132,9:21:47,9,10,18.0,33707,1005.0
18.4069145,-66.0472432,9:22:30,10,11,43.0,33750,1012.0
18.4060379,-66.0447558,9:23:15,11,2.1,45.0,33795,1018.0
18.4041607,-66.044982,9:25:18,3,4,123.0,33918,
18.4082565,-66.0394764,9:26:35,1,2.2,77.0,33995,1112.0
18.4056633,-66.0450446,9:31:12,11,2.1,277.0,34272,
18.4051817,-66.045036,9:32:39,3,4,87.0,34359,
18.4038465,-66.0455968,9:34:11,4,5,92.0,34451,992.0
18.4040282,-66.0464981,9:34:56,5,6,45.0,34496,1007.0
18.404171,-66.0479111,9:35:34,6,13,38.0,34534,1015.0
18.4041421,-66.0500939,9:36:11,13,24,37.0,34571,995.0
18.4063325,-66.0494267,9:37:13,23,20,62.0,34633,993.0
18.4063385,-66.0498613,9:37:40,23,20,27.0,34660,
18.4065494,-66.0496296,9:38:14,23,20,34.0,34694,
18.4062489,-66.0484319,9:38:41,19,9,27.0,34721,1032.0
18.4060945,-66.04806,9:38:59,9,10,18.0,34739,1032.0
18.4067758,-66.0462409,9:39:29,10,11,30.0,34769,1019.0
18.4060572,-66.0449384,9:40:21,11,2.1,52.0,34821,
18.4061618,-66.0433373,9:41:1,2.1,1,40.0,34861,1637.0
18.4078602,-66.0391046,9:42:21,1,2.2,80.0,34941,946.0
18.4069331,-66.0428323,9:45:21,2.1,1,180.0,35121,
18.4054261,-66.0449761,9:48:22,3,4,181.0,35302,943.0
18.4036928,-66.045515,9:50:4,4,5,102.0,35404,953.0
18.4034043,-66.0462268,9:50:31,5,6,27.0,35431,935.0
18.4039966,-66.0486142,9:51:17,6,13,46.0,35477,943.0
18.4039163,-66.0499031,9:51:56,13,24,39.0,35516,945.0
18.4049598,-66.0504137,9:52:50,24,23,54.0,35570,1955.0
18.4061318,-66.0501497,9:53:12,23,20,22.0,35592,898.0
18.4071303,-66.0494889,9:53:52,20,19,40.0,35632,1971.0
18.4063357,-66.0486968,9:54:18,19,9,26.0,35658,937.0
18.4063357,-66.0486968,9:54:18,19,9,,35658,
18.4060638,-66.0476243,9:54:41,9,10,23.0,35681,942.0
18.4067977,-66.0462647,9:55:27,10,11,46.0,35727,958.0
18.406109,-66.0445925,9:56:15,11,2.1,48.0,35775,954.0
18.4062058,-66.0431516,9:57:3,2.1,1,48.0,35823,702.0
18.4071179,-66.0418747,9:58:42,1,2.2,99.0,35922,981.0
18.4067199,-66.0435654,10:2:1,2.1,1,199.0,36121,
18.4051679,-66.0454653,10:4:15,3,4,134.0,36255,953.0
18.4035968,-66.0455883,10:5:51,4,5,96.0,36351,947.0
18.4038652,-66.0463797,10:6:27,5,6,36.0,36387,956.0
18.4041079,-66.0464256,8:39:32,5,6,,31172,
18.4041502,-66.0485306,8:40:2,6,13,30.0,31202,
18.4041728,-66.0500695,8:40:32,13,24,30.0,31232,
18.4037845,-66.0454662,8:48:1,4,5,449.0,31681,
18.4034009,-66.0461888,8:48:21,5,6,20.0,31701,
18.4041286,-66.048392,8:48:50,6,13,29.0,31730,
18.4039918,-66.0461849,9:8:27,5,6,1177.0,32907,1206.0
18.4039704,-66.0486076,9:8:54,6,13,27.0,32934,1204.0
18.4034131,-66.0498753,9:9:21,13,24,27.0,32961,1729.0
18.404676,-66.0502572,9:10:3,24,23,42.0,33003,
18.4063284,-66.0499231,9:10:33,23,20,30.0,33033,
18.4071838,-66.0494937,9:10:48,20,19,15.0,33048,
18.4066146,-66.0487669,9:11:14,19,9,26.0,33074,
18.4060684,-66.0482009,9:11:39,9,10,25.0,33099,
18.4065666,-66.0466617,9:12:36,10,11,57.0,33156,
18.4060853,-66.0449399,9:13:12,11,2.1,36.0,33192,
18.4061719,-66.0431114,9:15:10,2.1,1,118.0,33310,
18.4061371,-66.0435515,9:16:6,2.1,1,56.0,33366,
18.4069243,-66.0429556,9:17:4,2.1,1,58.0,33424,
18.4052908,-66.0456568,9:19:53,3,4,169.0,33593,
18.4038784,-66.0455471,9:21:17,4,5,84.0,33677,1996.0
18.4040339,-66.0463137,9:21:39,5,6,22.0,33699,792.0
18.4043354,-66.0481552,9:22:11,6,13,32.0,33731,797.0
18.4041316,-66.0501539,9:22:44,13,24,33.0,33764,803.0
18.4047316,-66.0498053,9:23:18,24,23,34.0,33798,795.0
18.4063204,-66.0501469,9:23:45,23,20,27.0,33825,792.0
18.4072043,-66.0494703,9:24:9,20,19,24.0,33849,801.0
18.4064088,-66.0484745,9:24:30,19,9,21.0,33870,796.0
18.4065586,-66.0485914,9:24:51,19,9,21.0,33891,
18.4068231,-66.0469673,9:25:6,10,11,15.0,33906,750.0
18.4059835,-66.04488,9:25:50,11,2.1,44.0,33950,758.0
18.4060402,-66.0430497,9:26:39,2.1,1,49.0,33999,
18.4062762,-66.0427673,9:27:56,2.1,1,77.0,34076,
18.4069317,-66.0428341,9:28:50,2.1,1,54.0,34130,
18.405189,-66.0450673,9:31:21,3,4,151.0,34281,688.0
18.4036133,-66.0455532,9:32:12,4,5,51.0,34332,655.0
18.40383902293667,-66.04990846648302,8:35:35,13,24,,30935,
18.40456938762249,-66.0504020433024,8:36:19,24,23,44.0,30979,
18.40638315103616,-66.05023657198042,8:37:6,23,20,47.0,31026,
18.407204377120756,-66.04962720890191,8:37:27,20,19,21.0,31047,
18.406477031966404,-66.04849459328071,8:38:10,19,9,43.0,31090,
18.40609301613396,-66.04793175622824,8:38:19,9,10,9.0,31099,
18.40681484871325,-66.04690561722666,8:39:0,10,11,41.0,31140,
18.406093723466444,-66.0449504545053,8:39:52,11,2.1,52.0,31192,
18.406206896098947,-66.04319881037839,8:40:29,2.1,1,37.0,31229,
18.40716392503635,-66.04201759608569,8:41:15,1,2.2,46.0,31275,
18.40622394174976,-66.04304753882046,8:43:37,2.1,1,142.0,31417,
18.40481933304021,-66.04480108778422,8:45:29,3,4,112.0,31529,
18.403655188405843,-66.04491467040776,8:46:27,4,5,58.0,31587,
18.403687798227363,-66.04655620835001,8:47:5,5,6,38.0,31625,
18.40376576015237,-66.04710407198863,8:47:15,5,6,10.0,31635,
18.403888068747538,-66.04822544144483,8:47:41,6,13,26.0,31661,
18.40402879323121,-66.05003864153923,8:48:15,13,24,34.0,31695,760.0
18.403841255413475,-66.0467061858424,8:19:38,5,6,,29978,
18.404050408138943,-66.04805794882004,8:20:25,6,13,47.0,30025,
18.40402327898199,-66.04980571340154,8:21:32,13,24,67.0,30092,
18.406570985874662,-66.05002521648326,8:23:9,23,20,97.0,30189,
18.40698626611469,-66.0493011781115,8:23:37,20,19,28.0,30217,
18.40644811379137,-66.04857261952145,8:24:9,19,9,32.0,30249,
18.406064854752927,-66.04788054869105,8:24:40,9,10,31.0,30280,
18.406680272001086,-66.04687917981495,8:25:4,10,11,24.0,30304,
18.406101308743157,-66.04495247743472,8:25:53,11,2.1,49.0,30353,
18.406168366396216,-66.0433006454002,8:27:53,2.1,1,120.0,30473,
18.40708031670283,-66.04203674015297,8:28:32,1,2.2,39.0,30512,
18.40621549163478,-66.0431250715107,8:31:37,2.1,1,185.0,30697,
18.40485582028525,-66.04466648774243,8:32:36,3,4,59.0,30756,
18.403645614245512,-66.04547491614534,8:34:10,4,5,94.0,30850,
18.403735069349988,-66.04650254086648,8:34:49,5,6,39.0,30889,911.0
18.403917776804505,-66.04811407060794,8:35:28,6,13,39.0,30928,903.0
18.40398258561508,-66.04977705198766,8:36:49,13,24,81.0,31009,917.0
18.404559067082957,-66.05041231317166,8:37:24,24,23,35.0,31044,
18.406587537418257,-66.05002473253145,8:38:4,23,20,40.0,31084,895.0
18.406963282266304,-66.04920631911301,8:38:32,20,19,28.0,31112,895.0
18.40654407835169,-66.04865080408942,8:38:52,19,9,20.0,31132,883.0
18.406092214606204,-66.0479306557725,8:39:14,9,10,22.0,31154,874.0
18.406761893326063,-66.04679057387852,8:41:57,10,11,163.0,31317,1013.0
18.406091591816164,-66.04490195987566,8:42:55,11,2.1,58.0,31375,1022.0
18.40617939281951,-66.04321776653752,8:43:51,2.1,1,56.0,31431,734.0
18.407208960324542,-66.04197190553307,8:45:15,1,2.2,84.0,31515,1003.0
18.40629668498006,-66.04315723249405,8:48:27,2.1,1,192.0,31707,
18.404851624082568,-66.04470963821986,8:50:44,3,4,137.0,31844,1088.0
18.403725565956982,-66.04634555632315,8:53:6,5,6,142.0,31986,1097.0
18.403919022856496,-66.04808738960219,8:53:46,6,13,40.0,32026,1098.0
18.40401841689617,-66.04977015555296,8:54:40,13,24,54.0,32080,1071.0
18.40490857221733,-66.05038589003229,8:56:5,24,23,85.0,32165,1121.0
18.40695556752932,-66.04922547633127,8:57:12,20,19,67.0,32232,1120.0
18.4064327641701,-66.04845488123969,8:57:36,19,9,24.0,32256,1124.0
18.40606843841526,-66.04786351356553,8:58:10,9,10,34.0,32290,1136.0
18.406712497963607,-66.04673847583527,8:58:40,10,11,30.0,32320,1003.0
18.40609192998673,-66.04490857215644,8:59:26,11,2.1,46.0,32366,991.0
18.407108303565813,-66.04203299510871,9:3:37,1,2.2,251.0,32617,1102.0
18.40624116029418,-66.0433466309239,9:7:3,2.1,1,206.0,32823,1116.0
18.4048474113932,-66.04479573578647,9:9:9,3,4,126.0,32949,1105.0
18.40377746510377,-66.0453418504387,9:10:48,4,5,99.0,33048,2198.0
18.403742705004067,-66.04534992755907,9:10:54,4,5,6.0,33054,
18.403730442371547,-66.04538841277414,9:11:0,4,5,6.0,33060,
18.403961090893077,-66.04824466037135,9:12:14,6,13,74.0,33134,1108.0
18.404003127066627,-66.05023689315433,9:12:53,13,24,39.0,33173,1093.0
18.40540222853243,-66.05038894709884,9:13:28,24,23,35.0,33208,1043.0
18.40637108749132,-66.05015949380292,9:13:46,23,20,18.0,33226,2142.0
18.40706536623996,-66.0493891084046,9:14:12,20,19,26.0,33252,1020.0
18.406537868859168,-66.04858543267393,9:14:34,19,9,22.0,33274,1018.0
18.40610920729775,-66.04792789049775,9:14:52,9,10,18.0,33292,1002.0
18.40671963995057,-66.04687242129219,9:15:21,10,11,29.0,33321,1001.0
18.40609904681324,-66.0449371284107,9:16:5,11,2.1,44.0,33365,999.0
18.40614217433037,-66.04323693303971,9:17:53,2.1,1,108.0,33473,650.0
18.40712819628516,-66.04184871409075,9:19:10,1,2.2,77.0,33550,933.0
18.4062138666904,-66.04311639845702,9:21:39,2.1,1,149.0,33699,
18.40484665339148,-66.04472070796332,9:22:48,3,4,69.0,33768,819.0
18.4041623,-66.0476767,9:41:8,6,13,1100.0,34868,1734.0
18.4041904,-66.0464405,9:40:51,5,6,,34851,2865.0
18.4035774,-66.0496313,9:41:56,13,24,65.0,34916,1743.0
18.4048447,-66.0502883,9:42:43,24,23,47.0,34963,1755.0
18.4063022,-66.0500888,9:43:16,23,20,33.0,34996,1770.0
18.4071427,-66.0494678,9:44:53,20,19,97.0,35093,1841.0
18.4066311,-66.0487801,9:45:30,19,9,37.0,35130,1856.0
18.4060688,-66.0478335,9:45:57,9,10,27.0,35157,1865.0
18.4067916,-66.0469655,9:46:27,10,11,30.0,35187,1866.0
18.4060463,-66.044841,9:47:21,11,2.1,54.0,35241,1876.0
18.40615,-66.0432382,9:49:40,2.1,1,139.0,35380,1681.0
18.4071545,-66.0419177,9:51:10,1,2.2,90.0,35470,1920.0
18.4076123,-66.0398481,9:53:39,1,2.2,149.0,35619,
18.4042147,-66.0447955,9:56:40,3,4,181.0,35800,2032.0
18.4036904,-66.0455046,9:58:26,4,5,106.0,35906,2846.0
18.4034143,-66.046157,9:59:20,5,6,54.0,35960,1109.0
18.4041796,-66.0484439,10:0:4,6,13,44.0,36004,1136.0
18.4035718,-66.0497826,10:1:15,13,24,71.0,36075,1159.0
18.4047448,-66.0504197,10:2:25,24,23,70.0,36145,1182.0
18.4062408,-66.0502325,10:2:56,23,20,31.0,36176,1180.0
18.4072817,-66.0495634,10:3:48,20,19,52.0,36228,1135.0
18.4066811,-66.0487839,10:4:13,19,9,25.0,36253,1123.0
18.4060574,-66.0479295,10:4:31,9,10,18.0,36271,1114.0
18.4059289,-66.0469875,10:5:9,9,10,38.0,36309,
18.4062117,-66.0452215,10:5:53,11,2.1,44.0,36353,1112.0
18.4061986,-66.0436616,10:7:52,2.1,1,119.0,36472,1092.0
18.4103869,-66.0398481,10:9:21,1,2.2,89.0,36561,942.0
18.4069307,-66.0428508,10:11:54,2.1,1,153.0,36714,
18.4048312,-66.0450779,10:14:47,3,4,173.0,36887,1087.0
18.4037014,-66.0455227,10:16:28,4,5,101.0,36988,1082.0
18.4040061,-66.0463119,10:16:56,5,6,28.0,37016,1056.0
18.4042852,-66.047647,10:17:24,6,13,28.0,37044,1040.0
18.403546,-66.0496956,10:18:18,13,24,54.0,37098,1023.0
18.40400049342092,-66.04972511751818,14:31:53,13,24,15215.0,52313,15215.0
18.404600623151826,-66.0504925285129,14:32:31,24,23,38.0,52351,16206.0
18.40633482116135,-66.05028869149834,14:33:24,23,20,53.0,52404,16228.0
18.40716036523581,-66.04928478995446,14:34:7,20,19,43.0,52447,16219.0
18.40661675103063,-66.0485263319704,14:34:33,19,9,26.0,52473,16220.0
18.40616590981921,-66.04788451408572,14:34:51,9,10,18.0,52491,16182.0
18.406827415175933,-66.0467967312223,14:35:27,10,11,36.0,52527,17340.0
18.40625951437579,-66.04507100993513,14:38:18,11,2.1,171.0,52698,16345.0
18.406166999168573,-66.04327154303711,14:42:46,2.1,1,268.0,52966,16252.0
18.40704023778225,-66.041999558465,14:43:22,1,2.2,36.0,53002,16441.0
18.406224525671693,-66.04304218113371,14:45:14,2.1,1,112.0,53114,
18.40364789885122,-66.04533674857237,14:48:24,4,5,190.0,53304,16316.0
18.40374979780168,-66.04639244952327,14:48:42,5,6,18.0,53322,16306.0
